[gd_scene load_steps=8 format=3 uid="uid://4pi6qesrisup"]

[ext_resource type="Script" uid="uid://drcaeci5bkoby" path="res://reality.gd" id="1_0jo7o"]
[ext_resource type="PackedScene" uid="uid://be3jwa5uu4i67" path="res://reality_sub.tscn" id="1_gd5p4"]
[ext_resource type="PackedScene" uid="uid://cl32uvjrpomd6" path="res://map.tscn" id="2_0jo7o"]
[ext_resource type="PackedScene" uid="uid://d2u7vg0sbxevl" path="res://fingy.tscn" id="4_k872o"]
[ext_resource type="PackedScene" uid="uid://cy7jqom37bhce" path="res://face.tscn" id="5_0srmq"]
[ext_resource type="Script" uid="uid://6hdvfboxmo5c" path="res://face.gd" id="6_14sxa"]

[sub_resource type="SphereShape3D" id="SphereShape3D_14sxa"]
radius = 2.0

[node name="Reality" type="Node3D" node_paths=PackedStringArray("player")]
script = ExtResource("1_0jo7o")
player = NodePath("Player")

[node name="Player" parent="." instance=ExtResource("1_gd5p4")]
transform = Transform3D(0.880893, 0.124133, -0.456748, 0, 0.964997, 0.262262, 0.473316, -0.231025, 0.850059, 0, 0, 0)

[node name="map" parent="." instance=ExtResource("2_0jo7o")]
transform = Transform3D(1, 0, 0, 0, 1, 0, 0, 0, 1, 0, -2.84565, 0)

[node name="OmniLight3D" type="OmniLight3D" parent="."]
transform = Transform3D(1, 0, 0, 0, 1, 0, 0, 0, 1, 14.6955, -27.5372, 16.43)
light_color = Color(0, 0.686275, 1, 1)
light_energy = 3.43
light_specular = 0.0

[node name="OmniLight3D2" type="OmniLight3D" parent="."]
transform = Transform3D(1, 0, 0, 0, 1, 0, 0, 0, 1, 35.0897, -19.9304, 82.0806)
light_color = Color(0, 0.686275, 1, 1)
light_energy = 3.43
light_specular = 0.0

[node name="OmniLight3D3" type="OmniLight3D" parent="."]
transform = Transform3D(1, 0, 0, 0, 1, 0, 0, 0, 1, 31.3956, -43.5009, 175.934)
light_color = Color(0.917647, 0.94902, 1, 1)
light_energy = 10.195
light_specular = 0.0
omni_range = 77.2764

[node name="Node3D" parent="." instance=ExtResource("4_k872o")]
transform = Transform3D(2.84092, 7.07268, -2.21965, 5.03938, -0.0994121, 6.13313, 5.43639, -3.60386, -4.52531, 30.6951, -42.0192, 178.286)

[node name="Fingy" parent="." instance=ExtResource("4_k872o")]
transform = Transform3D(-1.9494, -3.37659, -3.47139, 4.75359, -0.619568, -2.06679, 0.92483, -3.93279, 3.30604, 59.7719, -37.8741, 184.936)

[node name="OmniLight3D4" type="OmniLight3D" parent="."]
transform = Transform3D(0.577151, 0.360606, -0.732707, 0, 0.897225, 0.441574, 0.816637, -0.254855, 0.517835, 11.7998, -40.9059, -17.7479)
light_color = Color(0.4026, 0.66, 0.4026, 1)
light_energy = 8.624
omni_range = 12.6211

[node name="Node3D2" parent="." instance=ExtResource("5_0srmq")]
transform = Transform3D(-0.768002, 0.0722161, -3.99114, -0.364069, 4.04613, 0.143268, 3.97515, 0.384522, -0.757969, 43.6799, -78.1339, -85.6652)
script = ExtResource("6_14sxa")

[node name="OmniLight3D5" type="OmniLight3D" parent="Node3D2"]
transform = Transform3D(0.00172793, -0.0203178, 0.245156, 0.00909134, 0.245, 0.0202408, -0.245829, 0.00891788, 0.00247176, 3.9127, 1.53138, 0.46531)
light_color = Color(0.4026, 0.66, 0.4026, 1)
light_energy = 8.624
omni_range = 82.012

[node name="Area3D" type="Area3D" parent="Node3D2"]
transform = Transform3D(1, 0, 0, 0, 1, 0, 0, 0, 1, 1.68476, 0.348025, 1.78814e-07)

[node name="CollisionShape3D" type="CollisionShape3D" parent="Node3D2/Area3D"]
transform = Transform3D(1, 0, 0, 0, 1, 0, 0, 0, 1, 3.88631, 1.3223, -6.55651e-07)
shape = SubResource("SphereShape3D_14sxa")

[node name="OmniLight3D5" type="OmniLight3D" parent="."]
transform = Transform3D(-0.0741091, 0.142312, -0.987044, 0, 0.989765, 0.142704, 0.99725, 0.0105757, -0.0733506, 16.9922, -89.1151, -1.65297)
light_color = Color(1, 0.184314, 1, 1)
light_energy = 10.235
omni_range = 21.1163
